-1
31
32
33
34
37
38
40
41
42
44
45
46
47
-1
4
7
11
14
15
16
20
28
29
30
31
32
33
34
37
39
-1
25
31
38
39
40
43
44
-1
11
14
19
23
28
29
30
32
33
34
36
38
39
41
47
50
51
52
53
54
55
56
57
59
60
60
61
-1
15
18
21
22
25
26
27
31
32
34
36
39
40
43
44
45
46
47
48
48
49
49
50
51
55
57
58
60
61
-1
0
3
4
7
8
14
15
17
18
19
25
26
27
30
31
34
35
36
37
38
39
41
42
44
45
46
50
-1
9
10
11
12
13
14
15
16
17
18
19
20
21
22
23
24
25
26
27
28
29
30
31
32
32
33
34
35
36
37
38
39
41
42
43
44
45
46
47
48
48
49
50
51
52
53
54
55
56
57
58
59
60
61
-1
1
1
2
3
4
4
5
6
8
9
9
10
10
11
12
13
14
16
17
18
19
20
21
22
23
24
25
26
27
29
30
31
32
34
36
37
38
39
40
41
42
43
44
45
-1
5
6
7
8
9
10
11
12
13
14
15
16
17
18
19
20
21
22
23
24
25
26
27
28
29
30
31
32
33
34
35
36
37
38
39
40
41
42
43
44
45
46
47
48
49
50
51
52
53
54
55
56
57
58
59
60
61
-1
4
4
7
10
11
14
17
18
19
20
21
24
32
33
38
39
40
42
43
44
46
48
49
50
-1
28
32
38
39
43
45
-1
0
1
2
3
4
5
6
7
9
10
11
12
13
14
15
19
20
21
23
24
25
27
28
29
32
33
34
35
36
37
38
39
-1
14
21
22
33
34
36
42
45
48
50
-1
1
2
3
3
4
5
6
6
7
8
9
10
10
11
12
12
13
14
14
15
15
16
17
17
18
19
20
21
21
22
22
23
24
25
26
27
28
29
29
30
31
32
33
34
34
35
35
36
36
37
38
38
39
40
41
42
43
44
45
46
48
49
50
-1
5
6
12
13
14
17
18
19
23
24
25
25
27
30
32
34
37
43
44
45
-1
4
5
6
7
9
10
11
12
16
20
21
22
24
25
26
27
28
29
30
31
32
33
34
37
38
39
-1
17
28
33
38
39
41
44
45
47
49
54
55
56
58
59
61
-1
7
8
9
10
11
12
13
14
15
16
17
18
19
20
21
22
23
24
25
26
27
28
29
30
31
32
33
34
35
36
37
38
39
40
41
-1
26
27
31
32
34
36
37
38
39
40
41
45
46
47
48
49
50
56
59
-1
32
33
34
36
38
39
40
41
42
43
44
45
46
47
48
49
50
51
52
53
54
55
56
57
58
59
60
61
-1
0
6
8
9
10
11
13
14
15
16
17
19
20
21
22
23
24
25
26
27
28
29
30
31
32
33
34
35
36
37
38
39
40
45
-1
21
23
26
27
28
30
32
33
34
35
37
39
40
41
42
43
44
45
46
47
48
49
50
51
52
53
54
55
56
57
58
59
-1
0
1
2
3
7
14
15
17
28
30
31
32
33
34
38
39
40
-1
6
7
8
9
10
11
12
13
14
15
17
18
19
20
21
21
22
23
24
24
25
26
26
27
28
29
30
31
32
33
34
35
36
38
-1
1
3
21
22
24
27
28
29
30
38
39
40
43
44
45
47
49
51
54
55
56
58
59
60
61
-1
37
38
39
40
41
42
43
44
45
46
47
48
49
50
51
52
53
54
55
56
57
58
59
60
61
-1
10
17
20
21
22
23
24
25
26
27
28
29
30
31
32
33
34
35
36
37
38
39
40
41
-1
37
38
40
41
42
43
44
45
46
47
48
49
50
51
52
53
54
55
56
57
58
59
60
61
-1
0
1
2
3
4
5
6
7
7
9
10
11
12
12
13
14
15
15
16
17
18
19
20
21
22
23
24
25
26
27
28
29
30
31
32
33
34
35
36
37
38
39
40
41
42
43
44
45
-1
25
28
36
44
52
53
54
-1
13
14
15
16
17
18
19
20
21
22
23
24
25
26
27
28
29
30
31
32
33
34
35
36
37
38
39
40
42
43
44
45
46
48
49
51
52
53
54
55
56
-1
8
9
12
13
14
15
16
17
18
19
20
21
22
23
24
24
25
26
27
28
29
30
30
31
32
32
33
33
34
35
36
37
38
39
40
41
42
42
43
44
45
46
48
49
50
61
-1
30
31
32
33
34
35
36
37
38
39
40
41
42
43
44
45
46
47
48
49
50
51
52
53
54
55
56
57
58
59
60
61
-1
30
31
34
35
36
37
38
39
40
41
42
43
44
47
51
-1
0
1
2
3
4
5
6
7
8
9
10
11
12
13
14
15
16
17
18
19
20
21
22
23
24
25
26
27
28
29
30
31
32
33
34
35
36
37
38
39
40
41
42
43
44
45
46
47
48
49
50
51
52
53
54
55
56
57
-1
12
14
15
20
21
22
23
25
26
27
29
32
33
34
35
36
38
39
40
41
42
44
45
-1
30
31
33
-1
2
3
4
8
11
14
15
16
17
18
21
23
26
29
30
31
32
33
34
35
36
37
38
39
40
41
-1
30
31
33
34
35
-1
24
25
26
27
28
29
30
31
32
33
34
35
36
37
38
39
40
41
42
43
44
45
46
47
48
49
50
51
52
53
54
55
56
57
58
59
60
61
-1
29
30
31
32
33
34
35
36
37
38
39
40
41
42
43
44
45
46
47
48
49
50
51
52
53
54
55
56
57
58
59
60
61
-1
25
29
32
33
35
36
37
38
39
40
41
42
43
46
47
48
49
50
51
52
53
54
55
56
57
58
59
60
61
-1
41
42
43
44
45
-1
13
14
15
16
17
18
19
20
21
21
22
23
24
25
26
27
28
29
30
31
32
33
34
35
36
37
38
39
40
41
42
43
44
45
-1
9
10
14
15
25
27
41
42
43
44
45
-1
0
1
2
3
4
5
6
7
9
10
11
12
13
14
15
16
17
18
20
21
23
25
26
27
28
31
32
33
34
35
37
38
39
40
41
45
48
49
50
-1
16
18
21
22
27
28
29
29
30
32
33
37
38
42
43
44
44
48
50
-1
36
42
48
49
50
-1
9
17
18
19
21
26
27
28
31
32
33
34
37
38
39
45
-1
2
3
5
16
19
20
23
25
26
27
30
31
34
36
38
39
40
41
42
43
45
-1
1
2
3
4
6
10
31
32
33
34
35
37
42
44
45
-1
24
25
28
29
30
31
32
34
35
36
38
38
39
40
41
46
47
51
52
54
56
58
59
61
-1
25
30
31
-1
14
23
28
32
40
45
47
48
49
50
53
55
59
60
-1
3
9
12
13
15
17
20
25
26
27
39
47
-1
18
19
24
29
30
31
32
36
37
40
41
42
43
44
46
47
48
49
50
-1
31
32
33
34
35
36
40
41
42
44
45
46
47
48
49
50
51
52
54
55
56
60
61
-1
36
37
38
39
40
-1
30
31
33
34
35
36
-1
2
5
13
19
22
23
23
24
25
26
27
29
30
31
36
38
39
40
-1
8
12
19
24
25
28
33
37
38
43
-1
25
28
36
44
46
47
48
49
53
54
54
55
56
58
-1
42
43
44
45
-1
41
42
44
-1
0
1
2
3
4
7
8
9
10
11
14
15
15
16
17
17
19
21
22
22
24
25
26
27
28
29
30
31
32
32
33
33
34
34
36
38
39
39
40
40
41
42
43
44
45
45
46
48
49
-1
8
9
10
11
13
13
14
15
16
17
19
20
21
22
24
26
28
29
32
34
36
38
-1
24
35
36
-1
0
1
2
6
7
8
9
10
11
12
-1
12
14
21
28
-1
2
3
15
18
20
21
24
31
34
-1
17
20
21
23
26
28
-1
47
48
49
50
51
52
53
54
55
56
57
58
59
60
60
61
-1
1
2
3
6
7
8
9
10
11
12
13
14
15
16
17
18
19
19
21
22
23
24
26
27
28
29
30
31
32
33
34
35
36
-1
0
1
2
3
4
5
6
7
8
9
11
12
13
14
15
16
17
18
19
20
21
22
23
24
25
26
27
28
29
30
-1
0
1
2
3
4
5
6
7
8
9
10
11
12
13
14
15
16
17
18
19
20
21
22
23
24
25
26
27
28
29
30
31
32
33
34
-1
24
25
27
28
29
-1
24
25
26
27
28
-1
40
44
45
48
49
-1
1
2
3
4
5
6
9
15
17
18
20
21
24
-1
0
1
2
3
4
5
6
7
8
9
10
11
13
14
15
16
17
18
19
20
21
22
23
24
25
27
-1
10
11
12
13
-1
24
26
27
28
-1
18
19
20
21
22
23
24
25
26
27
28
-1
24
25
26
27
28
29
-1
24
25
27
28
-1
38
40
41
42
44
45
46
47
48
49
50
51
52
53
-1
14
15
19
21
-1
14
15
19
21
-1
37
38
40
42
45
46
47
48
49
53
54
55
56
57
58
59
60
61
-1
12
14
26
27
-1
5
12
14
18
20
22
26
28
31
32
33
34
-1
37
38
39
42
43
44
48
50
53
54
55
56
58
59
60
61
-1
14
15
16
17
18
19
20
21
22
23
-1
13
14
15
16
17
18
19
20
21
22
23
-1
13
14
15
16
16
18
21
23
-1
0
4
5
7
8
9
10
11
12
13
14
15
16
17
18
19
20
21
-1
36
47
57
59
60
-1
0
2
7
8
9
10
10
13
15
16
17
20
21
26
29
33
-1
10
13
14
15
16
17
19
21
24
25
26
27
28
29
35
39
44
45
48
49
50
54
-1
19
23
40
-1
10
11
12
17
18
19
24
-1
9
16
17
18
19
20
22
-1
17
18
31
-1
18
22
24
32
-1
1
2
3
4
5
6
6
7
11
13
14
14
15
16
18
18
19
21
22
26
27
27
28
30
32
33
33
34
37
37
38
39
41
43
44
45
48
49
-1
46
47
48
49
50
61
-1
16
18
20
-1
1
2
2
7
11
13
16
20
23
24
25
26
30
37
-1
10
11
12
16
17
18
19
20
22
-1
2
3
4
5
5
6
6
8
9
10
11
12
13
14
15
16
17
18
19
20
21
22
23
24
-1
28
29
32
-1
12
16
21
22
23
-1
7
10
12
16
33
-1
58
59
60
61
61
-1
10
12
16
17
18
19
20
22
-1
1
7
8
11
13
14
15
18
-1
1
2
3
4
5
6
7
8
9
10
11
12
13
14
15
16
17
18
19
22
-1
57
58
59
60
61
-1
11
28
-1
5
6
7
10
12
13
19
20
22
-1
0
1
2
3
4
5
6
7
8
9
13
14
15
-1
9
13
14
15
-1
6
9
10
11
12
13
16
20
23
23
25
31
33
33
37
38
39
45
-1
0
1
2
3
5
9
10
11
14
15
16
17
18
20
21
22
24
25
26
27
28
29
30
31
32
33
34
35
36
37
38
39
41
42
43
45
46
-1
0
2
23
-1
40
47
48
49
50
51
52
53
57
-1
2
3
5
6
8
11
-1
2
3
4
6
8
11
-1
2
3
4
5
6
7
-1
1
5
7
9
15
16
18
-1
0
2
4
7
10
-1
3
11
14
22
-1
1
4
7
23
27
-1
4
5
6
-1
6
8
14
15
16
-1
1
2
-1
0
1
2
3
4
5
6
8
9
10
11
12
13
14
15
16
17
18
-1
0
1
2
3
4
6
7
8
9
10
11
-1
41
45
48
49
50
50
54
58
59
-1
43
44
45
47
48
49
50
51
52
53
54
55
56
57
58
59
60
61
-1
31
34
35
37
38
40
40
42
43
44
47
48
49
53
54
55
56
57
58
59
60
61
-1
37
42
45
46
47
48
49
54
55
56
-1
42
43
44
45
46
47
48
49
50
51
52
53
54
55
56
57
58
59
60
61
-1
36
37
38
40
41
42
43
44
45
46
47
48
49
50
51
52
53
54
55
56
57
-1
41
46
47
48
49
50
51
52
53
54
55
56
57
58
59
-1
37
48
49
50
53
54
55
56
59
-1
31
39
42
43
44
45
47
49
50
51
54
-1
41
46
49
50
53
56
61
-1
37
38
38
42
43
44
45
45
48
49
49
50
-1
42
46
47
51
57
58
-1
30
31
34
35
37
39
40
41
42
43
45
46
47
50
52
53
54
56
57
61
-1
46
47
48
49
50
51
52
52
53
54
55
57
58
59
60
61
-1
40
41
42
43
44
45
46
47
48
49
50
51
52
53
54
55
56
57
58
59
60
61
-1
42
43
44
45
46
47
-1
43
45
54
55
59
60
61
-1
47
48
49
50
51
52
53
54
55
56
-1
54
55
56
58
59
60
-1
31
33
34
35
36
38
40
42
46
52
53
57
60
61
-1
51
53
54
60
-1
51
52
53
-1
56
57
58
59
60
61
-1
56
57
58
59
60
61
-1
52
53
54
55
56
57
61
-1
49
60
61
-1
58
59
60
61
-1
54
57
58
59
60
61
-1
60
61
-1
58
59
60
61
-1
51
52
53
54
55
56
58
59
60
-1
58
59
60
61
-1
60
61
-1
57
58
59
60
61
-1
57
58
59
61
-1
55
56
57
58
59
61
-1
54
55
56
58
59
60
-1
52
57
61
-1
58
61
-1
52
53
54
55
56
57
58
59
60
61
-1
11
13
-1
1
3
7
8
